0.027369
0.027798
0.030791
0.032074
0.033357
0.035068
0.039772
0.043621
0.044476
0.044904
0.046187
0.048752
0.053884
0.057734
0.063293
0.064576
0.065431
0.065431
0.066287
0.07655
0.076978
0.077833
0.08382
0.084675
0.085959
0.088096
0.091945
0.092374
0.093657
0.094084
0.094511
0.097077
0.100071
0.101782
0.102209
0.106486
0.109907
0.114184
0.116322
0.117177
0.118032
0.123592
0.124875
0.125731
0.126158
0.126586
0.127868
0.128297
0.130006
0.131718
0.132573
0.133855
0.141553
0.141554
0.141981
0.141981
0.144975
0.147114
0.148396
0.150106
0.150962
0.152245
0.153528
0.154811
0.155239
0.158232
0.160371
0.160798
0.164219
0.166358
0.169778
0.170634
0.171061
0.171489
0.171918
0.173627
0.173628
0.173628
0.175338
0.175766
0.18047
0.180471
0.186885
0.187313
0.189878
0.191589
0.195866
0.196721
0.197576
0.198004
0.199287
0.202708
0.203136
0.203564
0.207412
0.209978
0.219814
0.230505
0.231788
0.232644
0.233499
0.233499
0.235637
0.241625
0.243335
0.24419
0.250178
0.252316
0.254882
0.257021
0.260441
0.260869
0.261297
0.261724
0.261725
0.263863
0.26429
0.265145
0.268995
0.271133
0.272416
0.272843
0.273271
0.279258
0.279686
0.280969
0.282252
0.285673
0.293799
0.295081
0.295082
0.298075
0.299359
0.299785
0.301924
0.301924
0.30449
0.308338
0.309194
0.309622
0.316891
0.316892
0.320741
0.323307
0.325445
0.328867
0.330149
0.33015
0.331004
0.334854
0.335709
0.336564
0.337847
0.338274
0.343834
0.348538
0.351532
0.352815
0.35752
0.361368
0.363506
0.365217
0.365645
0.365645
0.369494
0.371204
0.375053
0.382323
0.38831
0.389594
0.396863
0.401567
0.403705
0.40841
0.41568
0.419529
0.425516
0.426371
0.429792
0.430648
0.432359
0.434925
0.436635
0.439628
0.442195
0.443478
0.445188
0.446044
0.448181
0.448182
0.45032
0.453313
0.455025
0.456735
0.45759
0.461011
0.467854
0.469992
0.476835
0.478117
0.480684
0.481539
0.490091
0.49223
0.49223
0.496935
0.49779
0.499928
0.503776
0.506343
0.509764
0.51233
0.517034
0.526443
0.529864
0.53414
0.53414
0.536278
0.536279
0.537134
0.537562
0.54141
0.543976
0.544404
0.546543
0.54697
0.549536
0.550391
0.550818
0.557233
0.558516
0.564504
0.566215
0.569636
0.573484
0.575196
0.575623
0.576051
0.579471
0.583321
0.596577
0.608124
0.612828
0.613684
0.617961
0.620099
0.620954
0.631218
0.631218
0.631645
0.638916
0.644475
0.650463
0.650463
0.651318
0.661153
0.664575
0.672701
0.675267
0.677405
0.680826
0.687668
0.688524
0.689378
0.689379
0.691517
0.699215
0.702636
0.706485
0.710761
0.715893
0.717176
0.718031
0.718031
0.719314
0.719742
0.724019
0.72573
0.730861
0.734283
0.735566
0.738986
0.742835
0.742835
0.744546
0.744974
0.75481
0.759514
0.765074
0.770633
0.774483
0.775337
0.779186
0.781325
0.785601
0.793299
0.794154
0.798003
0.798858
0.808695
0.812543
0.819813
0.823663
0.828366
0.82965
0.836065
0.851888
0.857447
0.859158
0.859586
0.86044
0.860868
0.871559
0.875408
0.877119
0.883961
0.888666
0.896791
0.906627
0.908338
0.909193
0.909621
0.910477
0.916036
0.919884
0.920312
0.925872
0.935708
0.938274
0.939556
0.940839
0.943406
0.94811
0.948965
0.964361
0.97163
0.975052
0.986171
0.992585
0.995152
1.002849
1.00456
1.004987
1.010547
1.012258
1.017817
1.023376
1.023805
1.043049
1.044332
1.049036
1.050746
1.057162
1.059299
1.064004
1.065715
1.074268
1.0794
1.085814
1.087098
1.098644
1.105059
1.136277
1.146541
1.152528
1.17049
1.173484
1.188451
1.191873
1.191873
1.193584
1.202564
1.204275
1.205985
1.229078
1.23421
1.235065
1.235921
1.236776
1.248751
1.250034
1.254738
1.256021
1.256021
1.258159
1.267567
1.280824
1.291088
1.300069
1.304774
1.309478
1.314609
1.315893
1.316747
1.317603
1.341124
1.360369
1.373626
1.383462
1.391587
1.416392
1.416819
1.421951
1.422806
1.427083
1.440767
1.444188
1.456163
1.471559
1.478401
1.479256
1.484816
1.487382
1.488665
1.493369
1.498074
1.499356
1.504488
1.504916
1.507481
1.521167
1.533141
1.533569
1.550675
1.555379
1.562649
1.563932
1.566498
1.575906
1.577617
1.582321
1.58617
1.597717
1.603276
1.607125
1.616106
1.623376
1.641338
1.645614
1.646042
1.655022
1.66101
1.678543
1.683248
1.686241
1.693939
1.700781
1.701209
1.705058
1.706768
1.711473
1.729434
1.734138
1.743547
1.747396
1.756804
1.766641
1.769633
1.771772
1.776476
1.776476
1.786312
1.819242
1.824373
1.865428
1.874409
1.950959
1.986882
2.000567
2.030503
2.03093
2.0784
2.092086
2.100638
2.193439
2.196433
2.199427
2.250745
2.264857
2.265285
2.366639
2.367495
2.372627
2.399141
2.400852
2.572769
2.578328
2.677116
2.894792
2.937558
3.016674
3.038057
3.391299
3.411399
3.585882
3.690658
3.747535
4.11489
4.138412
4.153807
4.30819
4.391155
4.430499
4.476685
4.50149
4.898781
4.910327
4.927862
5.252878
5.255444
5.401275
5.535986
5.546677
5.6027
5.711324
5.886662
5.93071
6.075258
6.380175
6.604694
6.816383
6.835627
7.026361
7.136696
7.153802
7.172619
7.195284
7.279532
7.595996
8.227214
8.283664
8.383736
8.645888
8.740827
8.779316
9.027356
9.056864
9.089365
9.211248
9.567911
9.587583
9.656863
9.928851
9.977177
10.521152
10.619086
10.731559
10.884659
11.189576
11.810958
11.838756
11.981165
12.017087
12.06755
12.07867
12.30661
12.355362
12.60169
12.634192
12.724856
12.992567
13.03576
13.043458
13.101619
13.159779
13.253436
13.988147
14.013805
14.166479
14.256713
14.324282
14.34652
14.355929
14.383299
14.411952
14.866548
15.35108
15.449441
15.469113
15.762484
15.851008
16.285933
16.607529
16.712732
17.067686
18.103464
19.035323
20.003532
20.143375
21.301464
22.527548
22.799537
23.115146
23.319136
23.585565
23.69761
23.760048
24.214218
24.511437
24.616213
24.732106
25.323552
25.359903
25.827757
25.891478
26.191691
26.364891
26.801953
27.868096
27.877504
28.524973
28.646855
29.011644
29.242578
29.639013
30.058542
30.180851
31.193109
32.816057
32.917411
32.96146
33.124824
34.065663
34.711421
35.9807
36.126957
36.268511
36.686757
37.400939
37.436006
39.399368
40.054963
40.419751
41.477341
42.206491
42.721815
43.889739
45.276621
46.016464
48.140623
48.302276
50.890013
53.313957
53.885304
54.148312
63.076024
70.715641
71.588911
72.689266
73.548423
74.772798
76.556117
76.868732
79.017267
80.384478
80.760386
81.766658
81.772217
82.85461
83.03337
83.047482
84.131585
85.251613
85.664299
85.987178
86.600862
86.767648
88.078408
89.807842
92.231787
93.537415
93.768777
93.797429
94.678825
97.261858
98.013246
98.475541
101.153939
104.160777
107.220217
107.724849
109.379016
113.088917
114.137099
115.574872
116.63631
122.894604
128.121823
139.251528
142.041973
142.182243
158.601177
159.755416
167.673864
169.705222
172.149267
174.547552
175.055606
177.256315
177.762658
178.541417
178.565365
183.732285
184.885241
186.858439
189.937549
190.170194
194.643458
194.971041
196.307889
200.152502
203.687065
209.035738
211.422477
212.239724
212.415063
213.266522
214.827889
216.8477
218.658388
221.515974
225.479048
227.960726
228.705699
231.436701
235.670906
235.694
236.672473
240.009459
241.190213
241.902686
242.601045
247.216718
252.725334
253.41343
255.810006
257.117772
257.249918
260.989327
262.094385
264.871573
274.94711
286.101618
287.770326
288.470824
290.10489
291.986569
295.644725
301.12982
301.793112
304.495032
307.656253
312.153894
313.561305
314.373848
320.494865
322.004057
326.504263
328.046385
329.935762
330.909958
331.494135
336.109808
338.197189
340.419281
340.441091
342.637952
344.517065
345.054198
345.346287
345.795751
353.631662
358.414121
359.067149
371.824934
374.500767
376.086509
376.812666
378.506178
379.125849
384.081508
392.695322
392.846711
400.380698
408.483037
414.572408
416.026004
417.55658
430.502105
432.853776
433.426833
436.152702
440.072581
454.606415
465.611244
478.397254
481.445146
481.445574
498.157023
502.619597
514.245808
525.830109
548.50306
550.115317
561.473816
573.767596
578.8755
579.818478
590.865217
591.918103
663.333814
673.340926
723.913619
764.459528
789.891705
833.054859
879.606747
884.230117
1090.366359
1206.559191
1278.665137
1519.853639
2502.661935
4017.384149
7832.06655