0.008981
0.009408
0.009836
0.011119
0.011119
0.011546
0.011547
0.011547
0.011974
0.011974
0.011974
0.011975
0.012402
0.012402
0.012402
0.012829
0.012829
0.01283
0.01283
0.01283
0.01283
0.013257
0.013257
0.013258
0.013685
0.013685
0.013685
0.013685
0.013685
0.013685
0.013685
0.014112
0.014113
0.014113
0.014113
0.014113
0.014113
0.01454
0.01454
0.01454
0.01454
0.01454
0.014541
0.014968
0.014968
0.014968
0.014968
0.015395
0.015396
0.015823
0.015823
0.015823
0.015823
0.015823
0.015823
0.015823
0.015823
0.015824
0.015824
0.016251
0.016251
0.016678
0.016678
0.016678
0.016678
0.016678
0.016678
0.016678
0.016678
0.016678
0.016678
0.016678
0.016679
0.016679
0.016679
0.017106
0.017106
0.017106
0.017106
0.017106
0.017106
0.017107
0.017107
0.017107
0.017107
0.017533
0.017533
0.017534
0.017534
0.017534
0.017534
0.017961
0.017961
0.017961
0.017961
0.017962
0.017962
0.017962
0.018389
0.018389
0.018389
0.018389
0.018389
0.018389
0.018389
0.01839
0.018816
0.018817
0.018817
0.018817
0.018817
0.018817
0.018817
0.018817
0.018817
0.018817
0.019244
0.019244
0.019244
0.019244
0.019245
0.019245
0.019245
0.019672
0.019672
0.019672
0.019672
0.019672
0.020099
0.020099
0.0201
0.0201
0.0201
0.0201
0.0201
0.020527
0.020527
0.020527
0.020527
0.020527
0.020527
0.020528
0.020528
0.020528
0.020528
0.020528
0.020955
0.020955
0.020955
0.020955
0.020955
0.020955
0.020955
0.020956
0.021382
0.021383
0.021383
0.021383
0.021383
0.02181
0.02181
0.02181
0.02181
0.021811
0.021811
0.022238
0.022238
0.022238
0.022238
0.022238
0.022238
0.022238
0.022238
0.022238
0.022665
0.022665
0.022665
0.022666
0.022666
0.022666
0.022666
0.023093
0.023093
0.023093
0.023093
0.023093
0.023093
0.023093
0.023093
0.023093
0.023094
0.023094
0.023094
0.023521
0.023521
0.023521
0.023521
0.023521
0.023521
0.023521
0.023522
0.023948
0.023948
0.023948
0.023949
0.023949
0.023949
0.023949
0.023949
0.023949
0.024376
0.024376
0.024376
0.024376
0.024376
0.024376
0.024376
0.024376
0.024376
0.024376
0.024377
0.024377
0.024377
0.024803
0.024803
0.024804
0.024804
0.024804
0.024804
0.024804
0.024804
0.024804
0.024804
0.024804
0.024804
0.025231
0.025231
0.025231
0.025231
0.025231
0.025231
0.025232
0.025232
0.025232
0.025232
0.025232
0.025659
0.025659
0.025659
0.025659
0.025659
0.025659
0.025659
0.02566
0.02566
0.026086
0.026087
0.026087
0.026087
0.026087
0.026087
0.026087
0.026514
0.026514
0.026514
0.026515
0.026515
0.026515
0.026515
0.026515
0.026515
0.026942
0.026942
0.026943
0.027369
0.02737
0.02737
0.02737
0.02737
0.02737
0.02737
0.02737
0.02737
0.027797
0.027797
0.027798
0.027798
0.027798
0.027798
0.027798
0.027798
0.028225
0.028225
0.028225
0.028225
0.028226
0.028226
0.028653
0.028653
0.028653
0.028653
0.028653
0.028653
0.028653
0.02908
0.02908
0.02908
0.029081
0.029081
0.029081
0.029081
0.029508
0.029508
0.029508
0.029508
0.029509
0.029935
0.029935
0.029935
0.029936
0.029936
0.029936
0.029936
0.029936
0.029936
0.029936
0.029936
0.030363
0.030364
0.030364
0.030364
0.030791
0.030791
0.030791
0.030791
0.030791
0.030791
0.030792
0.031218
0.031218
0.031219
0.031219
0.031219
0.031219
0.031646
0.031646
0.031646
0.031646
0.031646
0.031647
0.031647
0.031647
0.032074
0.032074
0.032074
0.032074
0.032074
0.032074
0.032501
0.032502
0.032502
0.032502
0.032929
0.032929
0.032929
0.032929
0.032929
0.032929
0.032929
0.032929
0.032929
0.03293
0.03293
0.03293
0.033356
0.033357
0.033357
0.033357
0.033357
0.033357
0.033357
0.033358
0.033784
0.033784
0.033785
0.033785
0.033785
0.034212
0.034212
0.034212
0.034212
0.034213
0.034213
0.03464
0.03464
0.03464
0.03464
0.03464
0.034641
0.034641
0.035068
0.035068
0.035068
0.035068
0.035068
0.035495
0.035495
0.035495
0.035923
0.035923
0.035923
0.035923
0.035923
0.035923
0.035923
0.035923
0.035923
0.035923
0.035923
0.03635
0.03635
0.03635
0.03635
0.03635
0.036351
0.036351
0.036351
0.036351
0.036351
0.036778
0.036778
0.036778
0.036778
0.036778
0.036778
0.036779
0.037206
0.037206
0.037206
0.037206
0.037633
0.037633
0.037633
0.037634
0.037634
0.037634
0.038061
0.038061
0.038061
0.038061
0.038062
0.038489
0.038489
0.038489
0.038489
0.038489
0.038916
0.038916
0.038916
0.038917
0.038917
0.038917
0.039344
0.039344
0.039344
0.039772
0.039772
0.039772
0.040199
0.040199
0.040199
0.0402
0.040627
0.040627
0.040627
0.040627
0.041054
0.041055
0.041055
0.041055
0.041055
0.041055
0.041055
0.041055
0.041482
0.041482
0.041482
0.041483
0.041483
0.041483
0.04191
0.04191
0.042337
0.042337
0.042337
0.042338
0.042338
0.042338
0.042338
0.042338
0.042338
0.042338
0.042338
0.042765
0.042765
0.042765
0.042765
0.042765
0.042766
0.042766
0.043193
0.043193
0.043193
0.043193
0.043193
0.043193
0.043193
0.043193
0.043193
0.043194
0.043621
0.043621
0.043621
0.043621
0.043621
0.043621
0.043621
0.044048
0.044048
0.044049
0.044049
0.044049
0.044049
0.044049
0.044476
0.044476
0.044476
0.044476
0.044903
0.044903
0.044903
0.044903
0.044904
0.044904
0.044904
0.045331
0.045331
0.045331
0.045331
0.045331
0.045331
0.045331
0.045332
0.045759
0.046186
0.046186
0.046187
0.046187
0.046187
0.046187
0.046614
0.046614
0.046615
0.046615
0.046615
0.047041
0.047042
0.047042
0.047042
0.047469
0.04747
0.04747
0.047897
0.047898
0.048325
0.048325
0.048325
0.048325
0.048752
0.048753
0.048753
0.048753
0.04918
0.04918
0.04918
0.04918
0.049181
0.049608
0.049608
0.049608
0.049608
0.050035
0.050035
0.050463
0.050463
0.050463
0.050464
0.050464
0.05089
0.05089
0.050891
0.050891
0.050891
0.050891
0.050891
0.051318
0.051318
0.051318
0.051318
0.051319
0.051319
0.051319
0.051746
0.051746
0.051746
0.051746
0.051747
0.052174
0.052601
0.052601
0.052601
0.052602
0.053029
0.053029
0.05303
0.053457
0.053457
0.053884
0.053884
0.053884
0.053884
0.053885
0.053885
0.053885
0.054312
0.054312
0.054312
0.054739
0.054739
0.05474
0.05474
0.05474
0.05474
0.055167
0.055167
0.055167
0.055167
0.055167
0.055168
0.055168
0.055595
0.056022
0.056022
0.056022
0.056023
0.056023
0.056023
0.056023
0.056023
0.056023
0.05645
0.05645
0.05645
0.056451
0.056451
0.056878
0.056878
0.057305
0.057306
0.057306
0.057733
0.057733
0.057733
0.057733
0.057733
0.058161
0.058161
0.058161
0.058588
0.058589
0.059016
0.059016
0.059017
0.059444
0.059444
0.059444
0.059444
0.059871
0.059872
0.060299
0.060299
0.0603
0.0603
0.060727
0.060727
0.060727
0.061154
0.061155
0.061155
0.061582
0.061582
0.061582
0.061582
0.06201
0.06201
0.06201
0.06201
0.062438
0.062438
0.062865
0.062865
0.062865
0.06372
0.064148
0.064148
0.064148
0.064149
0.064149
0.064576
0.065003
0.065003
0.065004
0.065004
0.065004
0.065431
0.065431
0.065858
0.065859
0.066286
0.066286
0.066287
0.066287
0.066287
0.066714
0.066714
0.066714
0.067141
0.067142
0.067142
0.067569
0.067569
0.06757
0.067997
0.067997
0.067997
0.068425
0.068853
0.068853
0.068853
0.068853
0.06928
0.06928
0.06928
0.06928
0.06928
0.069707
0.069708
0.070135
0.070136
0.070563
0.07099
0.07099
0.070991
0.071418
0.071419
0.071846
0.071846
0.071846
0.071846
0.072273
0.072273
0.072273
0.072274
0.073129
0.073129
0.073129
0.073557
0.073984
0.073984
0.073984
0.073984
0.073984
0.07484
0.075267
0.075267
0.075694
0.075695
0.07655
0.07655
0.07655
0.07655
0.076978
0.077405
0.077833
0.077833
0.077833
0.07826
0.07826
0.078689
0.078689
0.079116
0.079544
0.079544
0.079971
0.079972
0.080399
0.080399
0.080399
0.080399
0.080826
0.080827
0.081255
0.081682
0.082537
0.082537
0.082537
0.082965
0.08382
0.08382
0.08382
0.08382
0.083821
0.084247
0.084248
0.084675
0.084676
0.084676
0.084676
0.084676
0.085103
0.085531
0.085531
0.085531
0.085958
0.085958
0.085959
0.085959
0.085959
0.086386
0.086386
0.086814
0.086814
0.087242
0.087669
0.087669
0.088096
0.088096
0.088097
0.088952
0.088953
0.089379
0.089379
0.08938
0.089807
0.090235
0.090235
0.090235
0.09109
0.091518
0.091518
0.091519
0.092373
0.093228
0.093229
0.093229
0.093657
0.094084
0.094084
0.094084
0.094512
0.094512
0.09494
0.095367
0.095367
0.097077
0.097078
0.097505
0.097506
0.097506
0.097933
0.097933
0.097933
0.098361
0.098788
0.098788
0.098788
0.098788
0.099216
0.099644
0.101782
0.102209
0.102637
0.10392
0.10392
0.104347
0.104348
0.105203
0.10563
0.106058
0.106058
0.106059
0.106914
0.106914
0.107341
0.107769
0.108196
0.108197
0.108624
0.108625
0.109051
0.109479
0.10948
0.10948
0.10948
0.109907
0.110763
0.110763
0.11119
0.111618
0.112901
0.113328
0.113329
0.114184
0.114184
0.115038
0.115039
0.115467
0.118033
0.11846
0.118888
0.119315
0.119743
0.120171
0.121026
0.121454
0.121881
0.122309
0.122737
0.12402
0.124875
0.125302
0.12573
0.127014
0.128724
0.129152
0.130007
0.132145
0.132572
0.133856
0.133856
0.134711
0.135994
0.137277
0.139843
0.141553
0.144548
0.145402
0.146257
0.147113
0.147113
0.147113
0.150962
0.153956
0.154383
0.154811
0.157804
0.158233
0.15866
0.161226
0.161226
0.161226
0.162508
0.16593
0.167213
0.168068
0.170634
0.174055
0.174483
0.175766
0.175766
0.177049
0.180043
0.180471
0.181326
0.185602
0.18774
0.187741
0.190306
0.191161
0.195438
0.210406
0.210833
0.212971
0.217677
0.218532
0.218959
0.226657
0.254882
0.272844
1.431787
3.172768
3.236488
3.251029
3.269417
3.362646
3.373765
3.384884
3.430644
3.444756
3.451598
3.488376
3.502489
3.516174
3.554235
3.565782
3.58802
3.588876
3.589303
3.590586
3.591441
3.596573
3.621804
3.632068
3.644043
3.653451
3.669274
3.674834
3.682104
3.687663
3.703914
3.709474
3.715034
3.715888
3.724014
3.729146
3.736416
3.738982
3.745825
3.749674
3.757799
3.768062
3.780037
3.781747
3.784313
3.793295
3.795005
3.80313
3.805697
3.809544
3.819381
3.824941
3.835632
3.855304
3.858298
3.860436
3.861292
3.864713
3.872838
3.874976
3.87968
3.892938
3.895931
3.897642
3.903201
3.911754
3.91432
3.917741
3.937841
3.937841
3.938269
3.952382
3.958369
3.965639
3.968633
3.970343
3.978041
3.987876
3.989587
3.989588
3.990443
3.992154
3.995575
3.996858
3.998568
4.024228
4.02551
4.039196
4.040478
4.049032
4.055018
4.066993
4.068276
4.074691
4.096074
4.107192
4.10762
4.111469
4.113179
4.118739
4.119167
4.128575
4.13328
4.135418
4.1367
4.139694
4.146109
4.152096
4.153379
4.162787
4.164071
4.165354
4.167492
4.176045
4.190585
4.193579
4.217527
4.220521
4.220521
4.227791
4.232495
4.245753
4.252167
4.252167
4.269274
4.273977
4.273978
4.28082
4.283386
4.283386
4.289373
4.299209
4.303913
4.303914
4.305197
4.309046
4.312466
4.312894
4.314177
4.32273
4.327434
4.327434
4.332567
4.334277
4.334704
4.335132
4.346679
4.347107
4.348389
4.350955
4.360363
4.364212
4.36635
4.377042
4.378753
4.380464
4.385595
4.386878
4.387306
4.387734
4.394148
4.402702
4.407406
4.41382
4.416814
4.422802
4.427506
4.428361
4.429644
4.435631
4.453592
4.458724
4.459152
4.463001
4.464711
4.467705
4.469416
4.481817
4.484811
4.494647
4.497641
4.505766
4.510899
4.511325
4.515603
4.51603
4.517313
4.517313
4.521161
4.522445
4.525011
4.533991
4.536558
4.539979
4.545111
4.545966
4.548959
4.569487
4.57077
4.571197
4.574619
4.575901
4.578468
4.579322
4.581889
4.584027
4.587449
4.589159
4.593435
4.596429
4.622943
4.625082
4.631069
4.63278
4.63278
4.636201
4.639622
4.642188
4.649885
4.649886
4.652024
4.655445
4.657156
4.657583
4.661861
4.669558
4.683243
4.684098
4.684953
4.686236
4.688802
4.691368
4.691796
4.698638
4.720876
4.720877
4.728147
4.729857
4.730712
4.73114
4.731567
4.731995
4.732423
4.737983
4.738838
4.745253
4.75851
4.781176
4.782459
4.786308
4.787163
4.788018
4.792722
4.794432
4.796143
4.803842
4.821803
4.829073
4.836343
4.84062
4.841475
4.8496
4.851311
4.868845
4.872266
4.872693
4.873976
4.87697
4.879536
4.879536
4.892793
4.897498
4.899636
4.900064
4.914176
4.915031
4.91717
4.922301
4.934276
4.941546
4.949672
4.953093
4.968916
4.972765
4.973621
4.977042
4.97918
4.983883
4.989871
4.992865
4.999279
4.999707
5.00099
5.009115
5.009543
5.021945
5.023656
5.029216
5.034347
5.036913
5.042472
5.043327
5.04846
5.048887
5.048887
5.053164
5.054874
5.059151
5.060434
5.065566
5.066849
5.074547
5.076257
5.07754
5.078396
5.081816
5.083527
5.087804
5.089515
5.089515
5.096785
5.100205
5.105766
5.10662
5.107048
5.107476
5.109614
5.124154
5.125865
5.127576
5.129714
5.130142
5.131852
5.137412
5.143827
5.14511
5.149813
5.154518
5.15794
5.160505
5.166492
5.169058
5.173335
5.173762
5.184454
5.184454
5.185309
5.19044
5.190869
5.194717
5.195572
5.209258
5.210968
5.220376
5.23449
5.235772
5.2362
5.240904
5.242187
5.245608
5.255444
5.264425
5.270412
5.271695
5.272123
5.278966
5.279393
5.287091
5.305052
5.306763
5.309757
5.316171
5.320448
5.321303
5.323442
5.326863
5.327718
5.330711
5.330711
5.331567
5.334988
5.340975
5.34568
5.346534
5.346963
5.35637
5.362786
5.365352
5.373049
5.374332
5.385879
5.393149
5.397425
5.400847
5.413676
5.419236
5.419664
5.426506
5.44404
5.44575
5.450455
5.453876
5.465423
5.467133
5.47141
5.474831
5.477397
5.488516
5.488944
5.496641
5.504339
5.52615
5.531709
5.532565
5.532565
5.53898
5.540262
5.549243
5.550098
5.559506
5.565066
5.565066
5.569771
5.587731
5.594574
5.59714
5.597995
5.600561
5.604837
5.606548
5.610825
5.612536
5.613391
5.617667
5.625365
5.626649
5.636912
5.638622
5.640334
5.643327
5.643327
5.654446
5.655728
5.657867
5.661716
5.662999
5.67198
5.677112
5.679677
5.679678
5.684809
5.685665
5.690797
5.697639
5.701488
5.71389
5.717738
5.718166
5.72672
5.729713
5.732279
5.745536
5.750241
5.7558
5.765636
5.774617
5.784453
5.784881
5.801132
5.806263
5.807547
5.815672
5.816955
5.818665
5.823369
5.823797
5.825507
5.831068
5.83235
5.835771
5.838765
5.84133
5.851166
5.852878
5.874688
5.875971
5.876826
5.877254
5.881102
5.884952
5.886662
5.887945
5.891366
5.893933
5.895215
5.902485
5.913176
5.91617
5.923012
5.926862
5.927289
5.938836
5.939263
5.94354
5.96535
5.96535
5.973048
5.980318
5.982457
5.984595
5.985878
5.986305
5.986306
5.991865
6.003412
6.008116
6.019235
6.020518
6.026933
6.040617
6.040618
6.053875
6.055586
6.058579
6.062428
6.063711
6.064994
6.071836
6.075258
6.076113
6.094502
6.10947
6.109898
6.117595
6.124011
6.129997
6.133846
6.134275
6.148815
6.151808
6.158651
6.164638
6.168059
6.176612
6.17704
6.177895
6.181744
6.191152
6.191152
6.195428
6.195856
6.204837
6.209114
6.213818
6.214245
6.215956
6.218522
6.21895
6.227503
6.232634
6.243326
6.245037
6.245892
6.250169
6.267703
6.27711
6.281388
6.294645
6.30106
6.307046
6.323297
6.328857
6.340404
6.380603
6.385734
6.387018
6.402841
6.417381
6.418664
6.42123
6.422941
6.429355
6.436626
6.439191
6.459719
6.465279
6.466989
6.471693
6.477253
6.49051
6.492648
6.49778
6.499063
6.511465
6.515742
6.516597
6.520018
6.528572
6.535841
6.540973
6.553376
6.564922
6.583739
6.590581
6.591009
6.59443
6.596996
6.605977
6.61453
6.615813
6.6218
6.63634
6.638906
6.661999
6.668842
6.669697
6.672264
6.676112
6.67825
6.685948
6.687659
6.69664
6.707331
6.709897
6.712463
6.715456
6.736411
6.737267
6.741115
6.741971
6.749669
6.75138
6.75309
6.764637
6.767202
6.768485
6.777894
6.785164
6.794144
6.812534
6.818521
6.830068
6.830068
6.835628
6.835628
6.839049
6.840332
6.842042
6.845035
6.854444
6.859148
6.866419
6.868129
6.869839
6.880103
6.905763
6.911322
6.91517
6.916454
6.919019
6.922442
6.93527
6.938691
6.946818
6.9481
6.950238
6.972905
6.984023
6.984879
6.993432
7.024223
7.029782
7.033203
7.047744
7.05202
7.060573
7.066988
7.094358
7.096924
7.101628
7.105477
7.105905
7.110181
7.110609
7.117451
7.141827
7.145676
7.145677
7.154658
7.179034
7.188015
7.195712
7.202127
7.226076
7.229069
7.237195
7.249169
7.252162
7.267985
7.283381
7.303481
7.320159
7.322726
7.332561
7.338977
7.348385
7.359504
7.366774
7.370195
7.373617
7.378748
7.38388
7.386018
7.392861
7.392861
7.400131
7.401414
7.41681
7.42408
7.432633
7.436909
7.470694
7.471977
7.472404
7.476253
7.486517
7.498492
7.505761
7.5079
7.5079
7.518591
7.522012
7.525861
7.533559
7.54083
7.541257
7.549383
7.553659
7.571193
7.574187
7.57718
7.588298
7.59343
7.609254
7.645604
7.654158
7.658862
7.680245
7.692647
7.693502
7.748242
7.757222
7.75765
7.758078
7.776039
7.802554
7.812818
7.815811
7.816238
7.816667
7.826502
7.829923
7.838477
7.846602
7.849168
7.850023
7.870978
7.874827
7.880814
7.884235
7.891078
7.925718
7.927856
7.932133
7.935555
7.948812
7.952232
7.958219
7.968056
7.976182
7.978747
7.979175
8.012104
8.026217
8.027927
8.028783
8.064278
8.074114
8.079246
8.091221
8.100628
8.114314
8.117735
8.173758
8.18787
8.192147
8.19514
8.195568
8.21524
8.215668
8.218233
8.227215
8.227642
8.236623
8.246459
8.247314
8.252874
8.263137
8.273829
8.288797
8.299488
8.317449
8.31745
8.320871
8.355083
8.384592
8.38844
8.388867
8.410678
8.417093
8.432061
8.440186
8.44489
8.449167
8.453016
8.474399
8.50519
8.512888
8.549666
8.553942
8.617663
8.636907
8.648881
8.695068
8.696779
8.704477
8.728853
8.740828
8.752802
8.75494
8.756222
8.762638
8.773757
8.781027
8.834912
8.862282
8.862709
8.866558
8.867841
8.869979
8.892644
8.934127
8.949095
8.97561
8.981596
8.990578
9.011961
9.016665
9.048311
9.050449
9.062851
9.067983
9.091077
9.100485
9.109038
9.113314
9.121012
9.147526
9.149238
9.152231
9.177035
9.177035
9.19243
9.236906
9.254012
9.265132
9.26727
9.301055
9.310035
9.320727
9.378887
9.389579
9.396849
9.429351
9.450733
9.452444
9.457576
9.459287
9.462708
9.485801
9.51873
9.538403
9.55166
9.565773
9.623079
9.686371
9.686799
9.700483
9.744104
9.803121
9.81253
9.839472
9.86342
9.895494
9.904047
9.912601
9.951944
9.96905
9.986157
10.039614
10.073826
10.17518
10.178601
10.194853
10.208965
10.229492
10.233768
10.281239
10.282948
10.34111
10.425785
10.43049
10.513883
10.569049
10.590005
10.805115
10.806825
10.903903
10.961208
10.990717
11.022791
11.026212
11.039469
11.062135
11.069833
11.122434
11.139968
11.144245
11.165628
11.402976
11.522719
11.52785
11.570616
11.589861
11.60269
11.620652
11.654436
11.662134
11.724572
11.77418
11.857572
11.880665
11.905042
12.005113
12.035048
12.203544
12.267265
12.302333
12.320294
12.392995
12.508034
12.621363
12.62564
12.809958
12.835618
12.847592
12.925853
12.940393
13.032339
13.113594
13.12685
13.143529
13.149516
13.229488
13.245738
13.265411
13.309458
13.507463
13.634904
13.926137
13.968902
14.145523
14.284938
14.299907
15.002115
15.326277
15.405393
15.571751
15.643596
16.080659
16.091778
16.184151
16.232904
16.658421
17.497478
19.086642
19.613084
19.627624
20.727979
21.799253
22.850428
41.186536
41.993519
42.459235
42.661943
42.721814
42.739348
42.795372
42.932648
43.016041
43.263653
43.385961
43.956452
44.042412
44.076196
44.272061
44.290451
44.29259
44.341342
44.393088
44.440557
44.444406
44.514114
44.528226
44.603066
44.791234
44.795083
44.826301
44.854955
45.00164
45.158589
45.16757
45.171846
45.184249
45.25695
45.274484
45.51226
45.524233
45.533215
45.750463
45.762865
45.781253
45.798788
45.839842
45.86593
45.88047
45.93521
45.942052
46.016892
46.048966
46.074625
46.112687
46.173413
46.205059
46.211046
46.242266
46.349606
46.424446
46.435565
46.523662
46.544617
46.545473
46.586955
46.590803
46.609192
46.672914
46.676762
46.68446
46.708836
46.751174
46.835849
46.83585
46.878187
46.883319
46.896149
47.024872
47.118101
47.125371
47.133497
47.137346
47.185244
47.216462
47.310973
47.365286
47.369562
47.383675
47.384958
47.449962
47.452955
47.535492
47.567139
47.618457
47.692013
47.860082
47.888735
47.903275
47.921664
47.955021
47.961863
48.109405
48.117957
48.167138
48.178685
48.180394
48.293295
48.330929
48.425013
48.469489
48.469489
48.493866
48.543901
48.764999
48.81204
48.837272
48.840694
48.857799
48.909118
48.995504
48.998925
49.081462
49.139196
49.150743
49.167849
49.192225
49.205055
49.246109
49.319238
49.397071
49.399637
49.406908
49.410756
49.412894
49.445824
49.506552
49.53777
49.580108
49.647677
49.688732
49.694719
49.76571
49.786237
49.790942
49.818311
49.868774
49.879893
49.89871
49.948746
49.962003
49.976116
49.98809
49.990228
50.001775
50.028717
50.032566
50.073193
50.101418
50.147605
50.225438
50.233563
50.251525
50.257084
50.330213
50.336201
50.357583
50.42002
50.420876
50.440548
50.56414
50.582957
50.670198
50.697996
50.733063
50.753591
50.782244
50.797639
50.799778
50.820732
50.841688
50.844682
50.873334
50.922942
50.942187
50.978965
51.027718
51.064068
51.100418
51.135059
51.144895
51.257795
51.27875
51.296712
51.325365
51.33349
51.38994
51.396355
51.399776
51.412607
51.449813
51.510967
51.569128
51.64354
51.761573
51.807759
51.837695
51.892435
51.92793
51.980959
51.999348
52.119519
52.194786
52.227716
52.264494
52.277751
52.31795
52.321799
52.337623
52.347031
52.347459
52.441115
52.458221
52.46207
52.529639
52.559575
52.588656
52.618164
52.636553
52.794357
52.870481
52.880744
52.886303
52.896567
52.911535
52.931207
52.937194
53.011179
53.054372
53.05822
53.094571
53.130494
53.149739
53.154442
53.162568
53.192504
53.233559
53.250665
53.267344
53.314813
53.316096
53.351591
53.352446
53.352447
53.35544
53.369125
53.387942
53.405048
53.549167
53.553871
53.563708
53.567129
53.582525
53.621869
53.636409
53.637265
53.641541
53.686444
53.690293
53.690721
53.697991
53.767272
53.773258
53.834413
53.870336
53.875896
53.893857
53.990079
54.015311
54.069623
54.092717
54.115382
54.15045
54.162424
54.259074
54.261639
54.277035
54.285161
54.306544
54.316379
54.410463
54.425003
54.433129
54.433129
54.475894
54.50241
54.53876
54.563563
54.5935
54.664062
54.668339
54.672616
54.723934
54.781668
54.784234
54.796208
54.936051
54.938189
54.965131
54.972829
54.997205
55.047668
55.058788
55.101125
55.107968
55.161852
55.200768
55.228567
55.295708
55.311532
55.351303
55.35173
55.358573
55.398773
55.40476
55.462494
55.477461
55.478316
55.545458
55.59421
55.658359
55.692143
55.721652
55.746456
55.749021
55.752443
55.823005
55.83498
55.848665
55.856791
55.86962
55.894851
55.935907
55.986798
56.005186
56.005614
56.032129
56.041964
56.070618
56.142036
56.197631
56.222007
56.315236
56.345172
56.36185
56.404188
56.405471
56.417873
56.420867
56.433268
56.53505
56.542321
56.54617
56.56798
56.599626
56.61887
56.635976
56.644102
56.672755
56.686867
56.742463
56.866911
56.899839
56.994779
57.019583
57.07475
57.244957
57.274037
57.299269
57.453652
57.460494
57.461777
57.541749
57.613167
57.629418
57.66363
57.679454
57.739325
57.875319
57.912097
57.913381
57.985654
58.045953
58.065626
58.087864
58.089147
58.143459
58.157998
58.173394
58.185796
58.220436
58.364983
58.385511
58.462488
58.536472
58.536901
58.559994
58.563415
58.696415
58.718653
58.725496
58.876886
58.95643
58.957712
58.95814
59.002616
59.158282
59.208318
59.236115
59.269472
59.283157
59.290855
59.290855
59.343028
59.390498
59.54146
59.543599
59.651368
59.72578
59.786507
59.803185
59.837397
59.87332
59.884012
59.88444
59.893847
59.90069
59.904539
59.979378
60.043099
60.06491
60.144881
60.15215
60.154289
60.159421
60.191923
60.338608
60.390782
60.422428
60.469471
60.510953
60.53704
60.545166
60.563982
60.648658
60.665763
60.785507
60.805607
60.836826
60.897552
61.038678
61.039533
61.086575
61.088714
61.119932
61.177238
61.192634
61.240104
61.412021
61.416724
61.501401
61.513375
61.545021
61.548015
61.658777
61.70924
61.721214
61.728485
61.728913
61.81872
61.947443
61.961556
61.989354
62.006032
62.01202
62.051792
62.092419
62.151863
62.244664
62.398191
62.411449
62.426417
62.427272
62.488854
62.515369
62.520928
62.530764
62.562411
62.633402
62.647087
62.671891
62.700116
62.761698
62.927627
62.993914
62.993914
63.011876
63.063622
63.111947
63.170108
63.291562
63.334754
63.360414
63.401896
63.416009
63.43953
63.463479
63.473742
63.575096
63.584505
63.696123
63.745303
63.780798
63.781226
63.84238
63.880014
63.909095
63.968111
64.01387
64.029266
64.145587
64.1798
64.18707
64.205887
64.218288
64.269179
64.413727
64.460341
64.548866
64.550149
64.553997
64.585216
64.600612
64.641667
64.647654
64.700682
64.801609
64.936748
64.976092
64.995764
65.03468
65.210019
65.343019
65.493126
65.543162
65.641095
65.693269
65.718072
65.845941
65.879298
65.932327
65.949006
65.952426
65.994765
65.996476
66.039668
66.21073
66.256917
66.262904
66.558841
66.605883
66.649076
66.671741
66.673025
66.685854
66.772668
66.80132
66.829118
66.926196
66.933893
66.982646
67.024984
67.025412
67.057058
67.125055
67.193053
67.221705
67.340593
67.355561
67.402603
67.416716
67.516786
67.541163
67.604883
67.613864
67.618996
67.674591
67.74772
67.78407
67.810585
67.813578
67.908091
67.960264
68.160834
68.267748
68.325909
68.363969
68.5299
68.535032
68.660334
68.730042
68.918638
68.928046
68.990056
69.103384
69.312507
69.471594
69.488274
69.652065
69.699962
69.841944
69.85349
69.90438
69.923198
70.001458
70.008729
70.03396
70.098536
70.146433
70.168671
70.254202
70.302954
70.325193
70.403453
70.404737
70.46974
70.60659
70.649355
70.695114
70.72847
70.754558
70.796468
71.010295
71.128328
71.147144
71.183495
71.190337
71.244222
71.248071
71.462753
71.571378
71.893829
71.903237
71.925047
71.925476
72.004163
72.024691
72.120486
72.162395
72.185061
72.228682
72.334741
72.352275
72.421126
72.447641
72.550706
72.55541
72.640086
72.654199
72.661469
72.709793
72.74315
72.994611
73.028395
73.063892
73.136592
73.159258
73.2063
73.227255
73.263606
73.321339
73.401738
73.425687
73.491974
73.636093
73.663463
73.713926
73.78791
73.843077
73.930747
74.02312
74.063747
74.114637
74.139014
74.224545
74.434524
74.486697
74.541864
74.613283
74.746711
74.801023
74.833952
74.843361
74.885271
75.048207
75.060609
75.067024
75.217558
75.385626
75.528036
75.563531
75.626396
75.712354
75.726895
75.951841
75.952696
76.004015
76.039082
76.072867
76.270871
76.285411
76.71777
76.743857
76.797741
76.829388
77.072296
77.116344
77.151839
77.38491
77.394319
77.469158
77.573934
77.626963
77.680419
77.758253
77.809572
77.956684
77.995601
78.043926
78.128602
78.284268
78.550696
78.933019
78.992463
79.001444
79.193461
79.25761
79.264451
79.265734
79.296525
79.380774
79.384622
79.437652
79.560388
79.615128
79.692106
79.824679
79.827245
79.86274
79.868727
79.891821
80.0013
80.088542
80.178777
80.237366
80.312205
80.331022
80.403295
80.773216
80.779203
80.849338
80.910065
81.014413
81.121327
81.220543
81.245347
81.516907
81.568226
81.582338
81.59474
81.783336
81.84107
82.036934
82.178488
82.179343
82.200299
82.388466
82.429522
82.456891
82.530876
82.739571
83.037646
83.218116
83.64406
83.721037
83.904074
84.052897
84.233795
84.509204
84.521179
85.075419
85.163944
85.236217
85.272568
85.282404
85.400437
85.621534
85.951683
86.190742
86.319466
86.477269
86.533721
86.756528
86.889529
87.066578
87.208986
87.413405
87.730724
87.745693
87.783754
87.799577
88.057025
88.112193
88.134003
88.271708
88.470567
89.051321
89.683823
89.76636
89.780044
89.978476
90.191876
90.235068
90.358661
90.457449
90.550678
90.84918
90.970634
91.225516
91.291803
91.304632
91.41454
91.461581
91.553527
91.965786
92.002992
92.026513
92.401566
93.373624
93.668706
94.153238
94.337129
94.344827
94.442759
94.444043
95.511468
95.718025
95.945109
95.969914
96.168345
96.176043
96.31332
96.445466
96.79101
97.511607
97.759219
98.044465
99.035767
100.111746
100.12201
100.469265
101.018373
101.026498
101.257859
101.51317
103.061278
103.205398
103.444884
104.055147
104.793279
104.816371
105.001545
105.113164
105.160206
105.552365
106.027061
106.040319
106.417937
106.4684
106.907602
107.029056
107.319861
107.851007
107.946374
107.99812
108.336395
108.392417
109.232331
109.349508
109.759628
109.942664
110.581152
110.817645
110.89334
111.083646
111.167467
111.175592
112.067678
112.423914
113.029046
113.290343
113.378868
114.005809
114.633605
115.14679
115.708301
115.943083
116.410937
117.641726
117.673373
117.963322
118.253699
119.428466
119.674367
119.777431
119.962606
120.219199
120.52326
120.810216
121.0249
121.534236
121.853693
122.704726
124.709569
125.126105
127.33665
127.484191
127.639002
128.36858
129.961165
130.206211
131.257386
131.977982
132.265367
133.498294
134.49986
134.558449
135.604919
137.591801
141.472764
143.439547
143.977536
146.071332
149.095704
151.554288
151.649228
152.908242
162.109654
163.293401
165.857188
166.31991
166.434521
167.624256
171.732731
172.857034
173.26801
173.868865
174.018971
174.060882
175.049191
176.130729
176.879552
177.571069
178.150968
179.16793
182.051175
183.586027
189.545819
197.010953
203.840593
211.77914
215.353048
222.043272
224.200789
224.205493
232.426293
235.051663
237.64667
242.819577
244.017436
244.584934
247.705955
265.247909
271.489096
303.84628
304.472367
308.013773
311.287039
315.625165
316.773844
317.785246
318.52124
318.578973
319.98168
322.499708
324.684167
325.450523
326.630421
328.104546
328.751159
329.071473
329.706539
330.340751
330.89499
331.581804
331.845239
332.89342
333.241957
335.139888
336.471603
336.638388
336.760271
337.782364
338.35371
339.024273
339.133325
339.820565
340.032681
340.40303
340.532609
341.306664
341.624411
342.289413
342.341587
342.448501
342.63838
342.794901
343.702811
343.782354
343.861899
344.365675
344.422553
344.79504
344.898533
345.166244
345.35484
345.780356
345.90181
345.988196
346.147711
346.367525
346.608722
347.511073
347.585913
348.108079
348.242362
348.288549
348.458327
348.515206
349.048063
349.530457
350.938723
351.290255
351.619549
352.213561
352.506503
352.584764
352.81698
353.443922
354.093101
354.223108
354.425817
355.631374
355.846912
356.266012
356.664159
357.043916
357.134151
357.138428
358.006139
358.037785
358.469716
358.48725
358.835788
358.849045
359.045339
359.886534
360.111909
360.301787
360.73329
360.823098
361.586033
362.720172
362.956666
363.144405
363.246615
363.392873
364.240912
364.369635
364.467568
364.564646
364.619385
364.650177
365.553383
365.624373
365.712043
365.910047
366.75894
367.74896
367.861006
368.653449
369.004553
369.269271
369.405693
369.733276
370.107901
370.413247
370.589012
370.684808
371.270694
371.56321
371.694072
372.234627
372.716593
372.761925
373.001838
373.748523
373.793854
373.796848
374.056434
374.5183
374.717587
374.780453
374.905328
375.394137
375.60326
376.126709
376.643743
376.710885
376.965339
377.023073
377.600833
378.039179
378.292351
378.334689
378.883368
378.955215
379.288358
379.724565
379.985434
380.376738
380.897621
381.163622
381.563051
381.954782
382.424347
383.488778
383.533682
383.539242
383.848864
383.854423
383.907452
384.007524
384.403959
384.799967
384.887208
385.266965
385.647578
385.662118
385.734819
386.139381
386.429758
386.976728
387.403099
387.613077
388.266105
388.353347
388.464537
389.125691
389.444721
389.799674
389.916423
390.16874
390.458689
390.669523
391.088624
391.17501
391.695893
392.084203
392.113711
392.114139
392.14878
392.348067
392.374581
392.397674
392.446854
392.635449
392.914708
393.320552
393.375292
393.472369
393.877358
394.376003
394.865667
395.183842
395.227036
395.630313
396.063954
396.411211
396.523683
396.673362
396.698167
397.050553
397.566732
397.898592
397.98455
398.142355
398.503723
398.987828
399.205931
399.851262
400.146771
400.266942
400.385829
400.438431
401.723961
401.800938
401.88262
402.118685
402.502291
402.653253
403.336217
403.471356
403.543202
404.022174
404.107706
404.472067
404.612338
404.732081
404.888175
405.002359
405.342344
405.480048
405.687889
405.888459
406.543624
407.236853
407.256524
407.277052
407.490451
408.086602
408.090023
408.346188
409.190806
409.547897
409.560727
409.887882
410.185102
410.412614
410.592228
410.957873
411.365855
411.895719
412.022733
412.038128
412.054379
412.865211
413.844968
414.823013
415.187802
415.252378
415.522228
415.562
415.77711
416.379247
416.382669
416.44254
417.4471
417.463351
417.717377
418.203194
418.455937
418.901553
419.185516
419.241538
419.741894
419.823148
420.197345
420.30768
420.50825
420.636118
420.759283
420.831557
420.907251
421.053509
421.289147
421.609033
422.1637
422.34973
422.54474
422.659352
422.893279
422.954433
423.346164
424.16726
424.645806
425.424137
425.918933
426.361555
426.458633
426.624135
426.655353
426.676308
426.896979
427.093699
427.46191
427.487142
427.960983
428.114938
429.291415
429.311515
429.314936
429.541593
429.69897
430.080865
430.153138
430.505954
431.088847
431.141448
431.288133
431.4237
431.734604
432.215288
432.51037
432.5959
432.871737
432.993619
433.272449
434.136311
434.652917
434.778648
435.663465
435.738305
435.887556
436.026971
436.522622
436.87672
436.965673
437.098245
437.587482
438.196462
438.293967
438.632669
438.908507
439.109932
439.834806
440.057186
440.180351
440.272723
441.107078
441.288403
441.623684
441.62454
441.865736
441.897383
441.967945
442.053048
442.456327
442.67999
443.660601
443.698663
444.208855
444.324749
444.588611
445.189038
445.221112
445.435795
446.090106
446.151688
446.276991
446.636648
446.819257
446.943276
447.422677
447.778057
447.808849
447.952968
448.525598
449.295375
449.422817
450.893092
451.114189
451.194161
451.273704
451.346406
451.413975
451.896796
451.983611
452.006276
452.024237
452.244908
453.504349
454.172346
455.217533
455.430077
456.159228
456.394865
457.569204
458.172197
459.063429
459.738695
460.185166
460.844181
461.000275
461.421943
461.591294
461.648599
461.975327
462.249453
462.776324
462.944391
463.370763
463.821083
463.897633
464.863705
465.473539
466.217658
467.345811
467.533551
469.18173
469.585436
471.089496
471.315298
471.383295
471.402967
471.769467
472.626058
473.033614
473.205958
473.292344
473.421496
474.489349
474.527838
475.564044
475.622205
476.016074
476.531398
478.584567
478.862543
479.004096
479.200389
479.720416
480.242155
480.278933
480.754485
481.534954
481.880072
481.890762
483.154909
483.411502
483.467097
483.500026
483.545358
483.877645
484.842433
484.982276
485.600236
485.60323
485.840578
487.207789
487.21848
487.3023
487.660675
487.781274
488.050696
489.066375
489.088613
489.166446
489.97343
490.507997
491.416336
491.767868
492.177988
492.576989
493.177844
493.219326
493.890316
494.124243
494.450543
494.870072
495.048832
495.763442
496.233435
496.375843
496.376271
496.403641
497.418036
498.05738
498.946474
499.546473
500.016037
500.901281
502.29629
503.018599
504.008618
504.881033
505.456228
505.75858
505.881744
506.167417
506.371409
506.373975
506.767844
506.804194
506.96371
508.2672
508.505404
508.649951
508.711961
509.471902
509.480884
509.577105
509.780669
510.136905
510.869049
511.401907
512.456502
512.626281
512.730629
512.91452
513.360563
513.974676
514.126065
515.559562
515.629698
516.172391
517.020002
517.040957
517.097835
517.119217
517.537035
517.895838
519.032116
519.086855
519.421708
520.455777
520.63753
520.665328
522.546151
523.295829
524.445792
524.525764
525.322911
525.728755
526.307799
527.557833
528.757403
529.564815
530.595034
531.108647
531.123187
531.709929
531.81556
531.872438
533.1956
533.413276
533.788757
533.842214
535.200016
535.557963
538.05974
539.156247
540.445624
541.101219
541.515616
542.110483
543.809981
544.079831
544.554099
545.568923
546.591018
546.888237
549.205269
550.05288
550.323157
550.440762
552.444323
553.297493
553.817949
554.179744
555.676107
556.065272
556.137545
557.18872
558.904469
559.274818
560.722856
561.500759
562.637892
563.304605
563.332402
563.58258
563.757063
563.792131
564.248438
564.47424
565.55535
566.348221
566.593266
566.767323
567.136815
567.220635
569.96019
570.587131
571.363324
574.958614
576.011926
576.438726
577.405652
578.319549
579.61577
582.147911
582.397234
585.467792
587.321246
588.903139
589.477906
589.719104
591.605487
592.39066
592.412899
593.07619
593.282747
593.93492
593.990516
594.164999
594.696146
595.53563
596.764282
597.327931
598.187516
599.629138
600.534482
600.865915
600.892001
602.068479
602.151443
602.376389
604.171255
606.024281
606.581943
607.450936
608.424705
609.476735
609.637533
609.755138
609.941595
610.358558
613.853349
616.150708
616.776795
617.894683
618.028539
618.374511
618.581924
619.416705
619.8388
620.826681
621.125612
621.325754
622.119909
622.616842
623.536727
624.588757
625.501799
626.237364
628.278559
630.787607
631.849472
631.982473
632.655173
633.708486
634.794729
635.720172
635.744548
638.878827
639.873551
640.946964
641.53456
644.907043
646.314881
647.243746
647.407966
647.975035
650.210812
651.037041
651.378736
653.819788
654.283365
658.041591
658.819922
659.81208
660.85684
663.261113
663.419344
665.584131
666.00922
666.943645
667.468376
669.728956
670.760031
670.990965
673.270362
674.128665
675.841848
678.794802
679.556454
681.690877
682.466642
683.672627
684.061365
684.11525
685.842117
687.972264
691.130064
691.172401
691.213456
691.414454
691.545744
693.281593
696.547162
697.217724
697.25664
700.08814
700.301539
700.929763
702.112227
703.665896
705.600604
706.598322
708.723336
709.786485
712.182632
714.515914
717.343993
717.712631
718.427669
718.94171
719.464303
721.056888
721.98447
722.421105
722.693521
725.317181
728.498501
728.770918
730.437486
735.644605
737.50362
741.111739
741.396984
746.497618
748.411371
749.136672
754.271946
754.638446
758.108434
760.916412
763.360884
764.379557
765.183975
765.479484
766.881762
767.712695
768.029159
768.384968
768.421746
769.22317
770.877337
773.629293
773.802066
775.303132
777.873762
779.34917
781.559715
784.411315
792.652214
792.736889
797.01386
797.592477
801.458473
801.695393
802.507081
804.197598
805.696528
807.424678
808.292817
808.655895
808.706358
809.173784
810.182621
811.928734
815.648899
819.043619
822.585453
823.437768
825.512746
828.605543
829.586154
829.700338
831.901048
834.095342
841.788416
842.63175
843.160331
848.192968
850.924397
853.707998
860.440133
861.485748
866.772411
869.378964
869.744182
871.323081
879.861628
880.158421
884.978084
885.075163
887.511509
890.36824
894.086268
895.117769
904.915331
906.158522
908.789024
909.499358
910.237062
913.895645
914.536699
914.919449
917.244606
920.019655
921.814093
924.366334
929.075664
929.491772
930.899182
935.584991
938.061109
941.885622
944.082482
951.148187
952.768998
954.979116
961.73862
963.398774
964.798487
977.156415
984.185342
984.321763
988.314773
989.508356
1006.63634
1007.226076
1007.409967
1009.045745
1016.156354
1020.467109
1024.076085
1036.167584
1036.806928
1039.105142
1039.640566
1040.447121
1042.090597
1045.508838
1048.728648
1061.051936
1067.503956
1068.789914
1079.190895
1079.68227
1093.166639
1094.778468
1109.091632
1110.002536
1113.17787
1125.2018
1126.752475
1130.568861
1134.460088
1140.296288
1147.585229
1152.08458
1168.276856
1175.597444
1176.539139
1183.484673
1185.575048
1185.686238
1187.770625
1188.814102
1193.000838
1194.63961
1198.204536
1198.940957
1199.274528
1200.613513
1203.436031
1215.464666
1216.962312
1218.20764
1231.363999
1241.75771
1251.551423
1251.956411
1262.444635
1279.570481
1280.459147
1289.665262
1294.014507
1302.939654
1303.778284
1312.185112
1323.590226
1337.025844
1355.830661
1366.369775
1366.568206
1368.43449
1387.271381
1390.589552
1392.331388
1397.495742
1407.614471
1407.994656
1412.953736
1416.106404
1437.448495
1448.921605
1462.84988
1499.036281
1514.100405
1521.048934
1530.284129
1532.155973
1541.306065
1567.991697
1624.803867
1651.320148
1671.265092
1677.508417
1699.715653
1736.733841
1786.977668
1869.78823
1880.73276
1901.421823
1922.809244
1928.347796
1943.772006
2030.646994
2049.212753
2056.924216
2144.920514
2167.176074
2234.408043
2238.965128
2242.072465
2251.301246
2258.561961
2261.557252
2268.996727
2344.647499
2402.226454
2412.095006
2477.17844
2512.747307
2614.059907
2628.293099
2666.236732
2748.447722
2758.288048
2866.860508
2885.444228
3071.46703
3147.805043
3182.126015
3598.470623
3693.049376
3883.185786
3965.826568
4028.917133
4419.320227
4605.832692
4785.543743
5303.663672
5761.037438
6456.970916
6602.595349
6671.718405
10122.43958
12038.43201
20065.1912